Corde: , 1, 
1.000000, 
0.997906, 
0.991634, 
0.981209, 
0.966675, 
0.948093, 
0.925541, 
0.899114, 
0.868921, 
0.835090, 
0.797761, 
0.757092, 
0.713253, 
0.666427, 
0.616810, 
0.564611, 
0.510047, 
0.453347, 
0.394749, 
0.334498, 
0.272846, 
0.210052, 
0.146378, 
0.082091, 
0.017460, 
-0.047244, 
-0.111750, 
-0.175788, 
-0.239090, 
-0.301390, 
-0.362429, 
-0.421950, 
-0.479704, 
-0.535449, 
-0.588953, 
-0.639989, 
-0.688346, 
-0.733821, 
-0.776222, 
-0.815373, 
-0.851110, 
-0.883283, 
-0.911757, 
-0.936412, 
-0.957147, 
-0.973874, 
-0.986522, 
-0.995040, 
-0.999390, 
-0.999556, 
-0.995536, 
-0.987347, 
-0.975024, 
-0.958618, 
-0.938197, 
-0.913848, 
-0.885672, 
-0.853788, 
-0.818328, 
-0.779441, 
-0.737290, 
-0.692052, 
-0.643916, 
-0.593084, 
-0.539768, 
-0.484192, 
-0.426588, 
-0.367198, 
-0.306270, 
-0.244060, 
-0.180828, 
-0.116838, 
-0.052359, 
0.012339, 
0.076985, 
0.141309, 
0.205041, 
0.267915, 
0.329667, 
0.390038, 
0.448776, 
0.505635, 
0.560376, 
0.612771, 
0.662600, 
0.709654, 
0.753736, 
0.794663, 
0.832261, 
0.866374, 
0.896860, 
0.923590, 
0.946452, 
0.965351, 
0.980208, 
0.990960, 
0.997562, 
0.999987, 
====================, 
Corde: , 2, 
1.000000, 
0.996270, 
0.985109, 
0.966600, 
0.940881, 
0.908143, 
0.868632, 
0.822641, 
0.770513, 
0.712639, 
0.649448, 
0.581413, 
0.509042, 
0.432873, 
0.353475, 
0.271441, 
0.187381, 
0.101925, 
0.015707, 
-0.070627, 
-0.156434, 
-0.241075, 
-0.323917, 
-0.404343, 
-0.481754, 
-0.555570, 
-0.625243, 
-0.690251, 
-0.750111, 
-0.804376, 
-0.852640, 
-0.894545, 
-0.929776, 
-0.958073, 
-0.979223, 
-0.993068, 
-0.999507, 
-0.998489, 
-0.990024, 
-0.974173, 
-0.951057, 
-0.920845, 
-0.883766, 
-0.840094, 
-0.790155, 
-0.734323, 
-0.673012, 
-0.606682, 
-0.535827, 
-0.460974, 
-0.382683, 
-0.301538, 
-0.218143, 
-0.133121, 
-0.047107, 
0.039260, 
0.125333, 
0.210472, 
0.294040, 
0.375416, 
0.453990, 
0.529179, 
0.600420, 
0.667183, 
0.728969, 
0.785317, 
0.835807, 
0.880063, 
0.917755, 
0.948600, 
0.972370, 
0.988886, 
0.998027, 
====================, 
Corde: , 3, 
1.000000, 
0.993358, 
0.973520, 
0.940749, 
0.895481, 
0.838317, 
0.770016, 
0.691487, 
0.603771, 
0.508035, 
0.405550, 
0.297677, 
0.185850, 
0.071555, 
-0.043692, 
-0.158358, 
-0.270920, 
-0.379884, 
-0.483801, 
-0.581290, 
-0.671058, 
-0.751912, 
-0.822776, 
-0.882711, 
-0.930919, 
-0.966761, 
-0.989760, 
-0.999610, 
-0.996182, 
-0.979520, 
-0.949845, 
-0.907553, 
-0.853204, 
-0.787521, 
-0.711377, 
-0.625782, 
-0.531874, 
-0.430901, 
-0.324203, 
-0.213198, 
-0.099361, 
0.015795, 
0.130742, 
0.243952, 
0.353921, 
0.459189, 
0.558357, 
0.650107, 
0.733221, 
0.806595, 
0.869253, 
0.920365, 
0.959249, 
0.985391, 
0.998442, 
====================, 
Corde: , 4, 
1.000000, 
0.988175, 
0.952980, 
0.895248, 
0.816343, 
0.718132, 
0.602937, 
0.473483, 
0.332831, 
0.184308, 
0.031426, 
-0.122199, 
-0.272934, 
-0.417214, 
-0.551628, 
-0.672995, 
-0.778447, 
-0.865488, 
-0.932061, 
-0.976591, 
-0.998025, 
-0.995856, 
-0.970135, 
-0.921471, 
-0.851014, 
-0.760431, 
-0.651865, 
-0.527881, 
-0.391414, 
-0.245690, 
-0.094155, 
0.059606, 
0.211958, 
0.359297, 
0.498139, 
0.625200, 
0.737475, 
0.832309, 
0.907459, 
0.961149, 
0.992107, 
====================, 
Corde: , 5, 
1.000000, 
0.981251, 
0.925707, 
0.835451, 
0.713867, 
0.565515, 
0.395957, 
0.211551, 
0.019213, 
-0.173846, 
-0.360386, 
-0.533412, 
-0.686436, 
-0.813721, 
-0.910492, 
-0.973122, 
-0.999262, 
-0.987931, 
-0.939555, 
-0.855948, 
-0.740244, 
-0.596783, 
-0.430943, 
-0.248944, 
-0.057610, 
0.135884, 
0.324283, 
0.500522, 
0.657992, 
0.790789, 
0.893933, 
0.963556, 
0.997048, 
====================, 
Corde: , 6, 
1.000000, 
0.966675, 
0.868921, 
0.713253, 
0.510047, 
0.272846, 
0.017460, 
-0.239090, 
-0.479704, 
-0.688346, 
-0.851110, 
-0.957147, 
-0.999390, 
-0.975024, 
-0.885672, 
-0.737290, 
-0.539768, 
-0.306270, 
-0.052359, 
0.205042, 
0.448776, 
0.662600, 
0.832261, 
0.946452, 
0.997562, 
====================, 
